39.7500000000 56.4523000000 21.7500000000
41.2500000000 56.0807000000 21.2500000000
44.5000000000 53.6625000000 22.5000000000
41.5000000000 54.5255000000 25.2500000000
36.2500000000 53.0558000000 28.7500000000
38.2500000000 53.5602000000 38.7500000000
33.0000000000 52.5698000000 32.7500000000
29.7500000000 50.5817000000 29.7500000000
30.0000000000 53.5148000000 40.5000000000
31.2435000000 54.0000000000 17.2500000000
29.5000000000 52.2725000000 42.7500000000
27.7500000000 51.0815000000 33.7500000000
28.5000000000 50.5000000000 13.3732000000
36.1740000000 57.0000000000 17.2500000000
38.0000000000 56.5148000000 21.0000000000
25.7500000000 49.0677000000 32.2500000000
25.5000000000 49.7713000000 34.2500000000
32.2500000000 55.0000000000 14.0586000000
33.0988000000 55.5000000000 14.2500000000
38.7500000000 57.0018000000 20.2500000000
25.9322000000 47.7500000000 29.2500000000
25.6322000000 50.0000000000 35.0000000000
33.2500000000 55.7500000000 14.0786000000
37.0000000000 57.5462000000 14.7500000000
26.4275000000 44.2500000000 17.7500000000
23.9655000000 45.2500000000 29.2500000000
29.6865000000 49.2500000000 46.5000000000
29.1847000000 51.7500000000 13.5000000000
30.0000000000 52.7500000000 13.8146000000
26.4322000000 42.5000000000 17.7500000000
23.5000000000 45.0407000000 31.0000000000
26.2500000000 48.8872000000 39.0000000000
23.4443000000 43.2500000000 31.5000000000
34.0000000000 49.8872000000 52.2500000000
27.0000000000 41.0000000000 14.3339000000
24.8040500000 44.1898200000 39.4671500000
27.4180000000 40.2500000000 15.7500000000
27.4285000000 39.7500000000 15.7500000000
24.5000000000 38.0000000000 30.0572000000
24.3604100000 41.9279300000 37.3915500000
24.5000000000 40.7500000000 35.2550000000
36.0000000000 50.8145000000 54.2500000000
29.1327000000 42.7500000000 46.5000000000
24.9286000000 39.2500000000 34.2500000000
25.5000000000 36.0000000000 31.5588000000
38.2500000000 51.0658000000 55.7500000000
40.0000000000 52.0223000000 55.2500000000
36.2500000000 47.5485000000 57.2500000000
26.5000000000 42.0000000000 41.3125000000
28.4190000000 33.7500000000 16.2500000000
27.5000000000 32.1702000000 28.5000000000
26.5504300000 37.9462100000 38.7596500000
38.0000000000 50.2500000000 56.8662000000
27.4713000000 42.2500000000 43.2500000000
26.5000000000 36.9510000000 37.0000000000
27.1905000000 35.5000000000 18.7500000000
34.7215500000 40.9936900000 54.7259200000
33.4352000000 44.0000000000 54.2500000000
27.4977000000 33.2500000000 19.7500000000
40.7500000000 48.5000000000 58.8582000000
34.6862000000 40.7500000000 56.0000000000
34.2593200000 41.4052700000 55.6292200000
31.0000000000 37.5000000000 47.0462000000
27.6983900000 35.0214300000 38.3124900000
28.0000000000 31.6887000000 19.5000000000
30.7500000000 28.9495000000 29.7500000000
29.7500000000 34.4325000000 40.7500000000
28.6423000000 36.0000000000 40.7500000000
38.2500000000 47.2500000000 59.0785000000
44.5000000000 47.6675000000 57.0000000000
37.7500000000 39.2500000000 58.0785000000
28.3244100000 39.7542800000 43.4642500000
25.4408000000 37.0000000000 25.2500000000
40.0000000000 45.7500000000 60.5545000000
43.0000000000 46.5452000000 59.5000000000
41.2603000000 46.7500000000 60.0000000000
41.5000000000 45.0000000000 60.5532000000
33.0000000000 34.1855000000 46.2500000000
26.4180000000 34.7500000000 25.2500000000
24.4851000000 39.0000000000 26.5000000000
45.3535000000 47.2500000000 56.5000000000
44.2500000000 43.7500000000 59.0277000000
43.2500000000 44.2500000000 60.0283000000
33.4970000000 40.2500000000 53.7500000000
33.6133000000 30.5000000000 41.2500000000
29.5000000000 33.2500000000 38.8563000000
26.9280000000 33.2500000000 25.7500000000
23.9441000000 40.5000000000 28.2500000000
34.7500000000 25.9182000000 27.7500000000
43.8592000000 45.0000000000 59.5000000000
44.8512000000 42.5000000000 57.7500000000
42.7500000000 38.5000000000 56.3870000000
34.0000000000 40.2500000000 54.7578000000
37.7500000000 30.4315000000 44.7500000000
36.1071100000 30.3210200000 46.2870200000
25.4280000000 36.2500000000 29.2500000000
30.4260000000 27.2500000000 16.5000000000
35.9370000000 26.2500000000 34.2500000000
35.2500000000 25.9277000000 29.2500000000
34.7500000000 25.4215000000 26.7500000000
48.0815000000 41.7500000000 50.2500000000
45.5030000000 42.2500000000 56.7500000000
41.7500000000 36.4215000000 54.2500000000
36.2500000000 37.1138000000 55.0000000000
34.8330000000 37.5000000000 53.5000000000
24.4188900000 40.1184000000 31.7331000000
33.7816600000 23.1568400000 23.1597000000
45.0798000000 39.2500000000 53.7500000000
39.8445000000 34.2500000000 52.0000000000
35.0000000000 26.9543000000 35.7500000000
29.0000000000 31.1297000000 33.0000000000
36.0000000000 20.8363000000 20.5000000000
35.0000000000 22.3482000000 22.0000000000
31.9338000000 24.5000000000 14.7500000000
36.7500000000 26.5000000000 36.7810000000
37.2500000000 22.1903000000 23.5000000000
47.1532400000 38.8499200000 51.7636700000
41.7500000000 33.4202000000 49.2500000000
29.4355000000 30.0000000000 14.7500000000
30.4182000000 27.7500000000 14.7500000000
37.7500000000 26.9890000000 38.7500000000
47.0785000000 38.7500000000 49.7500000000
46.0000000000 37.2500000000 50.2988000000
42.7500000000 35.4562000000 52.0000000000
42.5515000000 32.7500000000 47.7500000000
39.0000000000 18.5000000000 19.0381000000
38.2500000000 19.6864000000 20.5000000000
33.0000000000 22.6286000000 15.0000000000
38.7500000000 27.7500000000 40.5493000000
40.5000000000 26.9450000000 39.5000000000
47.5785000000 38.2500000000 48.2500000000
46.5365700000 35.3350700000 48.3211600000
41.5000000000 18.6285000000 20.0000000000
41.5000000000 19.6321000000 21.5000000000
49.0692000000 36.2500000000 42.2500000000
50.0563000000 46.2500000000 42.7500000000
45.7104500000 32.4178000000 45.6303400000
36.3158100000 30.0526900000 42.8272000000
30.9180000000 26.7500000000 15.2500000000
42.0000000000 25.9260000000 36.7500000000
47.8097000000 34.5000000000 43.7500000000
46.7500000000 34.4485000000 45.2500000000
41.4482000000 16.7500000000 13.7500000000
48.5000000000 49.7570000000 44.2500000000
45.7500000000 18.7500000000 20.0284000000
47.3700000000 51.0000000000 44.0000000000
47.3122000000 30.1879900000 39.9054100000
47.5000000000 31.7003000000 40.2500000000
45.2500000000 16.7500000000 14.0721000000
47.3402000000 19.0000000000 19.2500000000
46.5000000000 17.9906000000 18.5000000000
48.5672000000 20.2500000000 19.0000000000
49.0252000000 20.7500000000 19.5000000000
50.5565000000 40.5000000000 33.5000000000
50.3117000000 45.0000000000 35.7500000000
49.0265000000 32.7500000000 37.5000000000
44.7500000000 52.5000000000 44.2557000000
48.5737000000 49.2500000000 43.0000000000
48.5817000000 20.2500000000 15.7500000000
50.0565000000 44.7500000000 30.7500000000
49.5000000000 47.8257000000 34.5000000000
42.0000000000 53.0698000000 42.2500000000
41.0633000000 53.2500000000 44.2500000000
42.7500000000 50.5000000000 52.8005000000
41.9568600000 50.5489700000 51.3481100000
43.7500000000 50.0810000000 52.2500000000
50.5565000000 38.7500000000 37.7500000000
50.0000000000 21.4689000000 15.5000000000
50.5000000000 28.4705000000 24.5000000000
50.0578000000 43.5000000000 28.7500000000
49.1452100000 47.9107200000 30.3551600000
48.5000000000 49.3273000000 32.2500000000
45.0495000000 52.2500000000 33.0000000000
45.8298000000 52.0000000000 33.5000000000
45.6385500000 51.8084300000 32.8324700000
50.5565000000 37.2500000000 33.7500000000
50.5565000000 38.5000000000 35.7500000000
50.5565000000 39.5000000000 39.2500000000
50.5565000000 36.5000000000 27.2500000000
46.5000000000 51.3613000000 31.2500000000
48.5467000000 28.5000000000 30.7500000000
49.7500000000 30.4373000000 28.7500000000
50.0438000000 30.5000000000 28.2500000000
38.9693200000 53.9163500000 38.9039200000
43.5000000000 53.0560000000 34.7500000000
37.0000000000 54.0565000000 41.5000000000
50.5565000000 36.2500000000 30.0000000000
50.5250000000 32.5000000000 23.7500000000
48.5820000000 42.2500000000 23.7500000000
47.5575000000 45.7500000000 22.2500000000
48.0255000000 47.0000000000 23.7500000000
48.5000000000 48.8158000000 28.5000000000
40.2500000000 53.5565000000 33.0000000000
41.2500000000 53.5565000000 32.7500000000
47.0708000000 49.7500000000 24.7500000000
33.2500000000 54.0000000000 46.2767000000
32.7500000000 53.7500000000 45.5467000000
49.5810000000 30.7500000000 29.7500000000
50.5565000000 33.0000000000 27.5000000000
49.8130000000 28.2500000000 18.5000000000
50.0565000000 26.7500000000 19.7500000000
50.0568000000 27.7500000000 20.2500000000
50.0575000000 25.5000000000 21.2500000000
47.5407000000 27.7500000000 33.0000000000
46.2500000000 25.9443000000 31.2500000000
49.0755000000 32.0000000000 17.7500000000
48.5822000000 36.2500000000 20.2500000000
49.0095000000 37.0000000000 21.0000000000
49.5675000000 37.5000000000 23.7500000000
51.0346400000 35.0703100000 18.1668200000
47.5967800000 43.2134800000 19.5664700000
27.6794400000 32.8713000000 20.2098300000
49.4782900000 33.7456100000 19.3497500000
24.9412700000 38.9824100000 19.6863700000
28.2423800000 29.0575100000 19.6100700000
24.1243900000 45.6385900000 25.5152900000
30.9736500000 52.9172200000 25.1420500000
30.7020700000 51.6962800000 26.1796300000
49.6345700000 43.6121400000 26.5447600000
28.1035100000 29.4342600000 26.2007300000
24.6944400000 46.1998800000 26.4855100000
45.9086600000 51.9233800000 27.0499800000
51.3168900000 37.1487700000 25.0533000000
48.3254200000 24.8268900000 25.7801700000
32.0617800000 52.2956200000 26.3908000000
31.0997200000 27.6631400000 26.2808100000
39.1090500000 53.6941400000 27.0160200000
49.8491300000 46.6459500000 27.0440900000
51.8155700000 39.9304300000 27.4601400000
44.6034700000 24.6654200000 29.1247900000
40.1330600000 53.5271500000 29.9254800000
34.6405900000 52.8363000000 28.7733100000
24.2604200000 39.5326400000 30.7714400000
51.0092600000 38.8592300000 31.1698100000
37.9922800000 24.3114200000 29.7851100000
27.3763500000 30.1541200000 31.3854800000
42.9954400000 52.9552800000 31.7719700000
33.3486900000 53.3618000000 31.7496500000
50.7173900000 44.8414000000 31.8057900000
39.1596900000 23.9756600000 33.2561900000
30.3541500000 52.3711700000 33.3394200000
44.4480300000 24.4485500000 32.7899800000
30.9949500000 27.8908800000 34.4473500000
29.3670100000 52.0544600000 34.5917600000
38.1770300000 53.6554200000 33.8703800000
47.1393000000 51.8227800000 35.9128300000
31.2830400000 54.3078800000 34.6499500000
24.2191900000 45.5695700000 34.5212500000
26.8457800000 50.6429400000 34.6468000000
49.0937900000 48.2059800000 35.7883500000
39.9350800000 24.6287300000 36.0578200000
25.0123900000 39.3802600000 36.4493000000
31.6542300000 28.4983000000 37.4042800000
48.6888600000 51.0130100000 36.4848700000
45.4705500000 27.2560600000 36.9922300000
43.6918800000 53.1414400000 37.6704100000
42.6384000000 53.1753100000 39.1585600000
45.7769700000 30.1157800000 39.3860800000
36.2422300000 54.3940400000 39.2876300000
34.4384700000 27.6073900000 40.7255700000
37.2013100000 27.2370800000 41.8449900000
26.3334400000 38.4525500000 41.6538900000
30.7493600000 54.0208000000 42.5323400000
45.8388800000 30.8462200000 42.5860300000
26.7139000000 46.4395700000 42.6758300000
48.8148400000 48.8793200000 41.8260700000
34.2330300000 55.4169000000 42.7299600000
31.1983500000 34.3002300000 43.1180500000
28.2017600000 49.7326000000 43.3892400000
28.5154900000 48.7282800000 45.5572200000
46.6599900000 51.1899600000 45.8600000000
45.1569600000 52.1753900000 46.0999000000
29.8343100000 37.0660800000 45.2590300000
29.1656900000 39.5977900000 46.6091100000
36.0396300000 32.1006400000 47.1943600000
27.8575900000 46.9793200000 45.7069700000
28.5575200000 45.1094900000 45.7119700000
43.6815600000 32.8288100000 46.6966600000
36.2511900000 55.0921600000 46.3486800000
33.7412500000 34.3140000000 47.2454300000
46.0758500000 35.4233500000 46.6946800000
32.7969500000 53.1893000000 48.8053400000
38.6315900000 54.7840800000 48.7693800000
36.7650100000 32.7487600000 49.0616600000
29.7512300000 41.2311600000 50.0762900000
48.8700700000 47.4121300000 49.2207300000
32.1984100000 46.8505600000 49.7446900000
32.1524500000 50.0840000000 49.5749900000
45.8588200000 37.2366100000 51.1933900000
34.3286900000 34.3194100000 51.1023600000
46.5110700000 49.8521200000 50.5560100000
41.1198700000 52.9281200000 51.3634600000
32.1261100000 38.8301400000 51.9682100000
45.5824700000 36.4681300000 53.0295100000
35.1672500000 36.4845900000 52.5686800000
32.0116700000 46.3465700000 52.0264300000
47.2504200000 40.4041900000 53.2840300000
32.1298600000 40.1240500000 53.0489200000
32.1287100000 42.5348200000 53.1525300000
47.2360900000 43.4457100000 54.5400700000
44.7572600000 50.7013600000 54.4269700000
34.9747700000 38.8464600000 56.4299600000
